content/post/2021-10-28-a-raster-map/data/rainan.txt
ncols 886
nrows 691
xllcenter 112.0000
yllcenter -44.5000
cellsize 0.0500
nodata_value 99999.90
[rows 640 to 671 of 691, columns 710 to 780 of 886]
478.85 486.69 579.68 688.71 712.80 769.58 786.91 803.68 711.36 619.31 574.54 567.00 615.08 633.90 634.05 664.88 668.86 680.20 693.63 706.06 716.73 725.28 734.82 743.38 751.76 760.09 768.53 776.05 783.30 790.74 797.62 804.78 812.65 820.08 828.39 836.39 844.95 853.20 861.30 869.24 877.23 885.54 893.39 902.06 909.47 917.29 925.50 933.31 941.97 950.33 958.40 0.00 0.00 0.00 0.00 0.00 0.00 0.00 0.00 0.00 0.00 0.00 0.00 0.00 0.00 0.00 0.00 0.00 0.00 0.00 0.00
461.63 481.13 530.02 625.67 674.15 791.16 731.26 791.64 679.74 584.83 553.40 550.26 597.77 597.01 622.10 682.95 670.81 672.71 687.26 700.34 711.81 722.85 732.54 742.57 751.90 760.83 768.85 777.18 785.03 792.25 800.00 807.63 815.35 823.89 832.16 839.55 848.57 856.36 863.96 872.60 880.74 888.86 897.06 904.59 912.68 920.48 928.34 936.50 945.13 953.26 961.49 0.00 0.00 0.00 0.00 0.00 0.00 0.00 0.00 0.00 0.00 0.00 0.00 0.00 0.00 0.00 0.00 0.00 0.00 0.00 0.00
447.75 460.68 506.60 580.98 604.32 734.38 707.55 724.22 653.83 585.04 560.48 556.24 564.78 586.76 610.30 645.10 709.08 673.63 681.65 696.03 708.84 720.15 731.23 742.41 751.78 761.07 769.78 778.24 786.62 794.81 802.83 810.50 818.49 827.06 835.23 843.51 851.85 859.76 867.71 875.50 883.78 892.39 900.25 908.02 916.09 923.92 931.59 939.98 947.91 955.93 964.02 0.00 0.00 0.00 0.00 0.00 0.00 0.00 0.00 0.00 0.00 0.00 0.00 0.00 0.00 0.00 0.00 0.00 0.00 0.00 0.00
456.35 464.73 515.06 578.55 555.23 601.96 613.46 677.52 719.90 620.60 573.58 567.37 561.15 583.80 605.72 629.42 690.54 665.94 678.27 692.23 705.81 718.09 730.24 741.51 751.68 761.03 771.32 779.38 787.90 796.43 805.74 813.25 820.63 829.53 837.97 846.32 854.49 862.42 870.23 878.03 886.84 894.72 903.03 911.08 918.73 926.25 933.66 942.07 950.09 958.08 966.27 0.00 0.00 0.00 0.00 0.00 0.00 0.00 0.00 0.00 0.00 0.00 0.00 0.00 0.00 0.00 0.00 0.00 0.00 0.00 0.00
501.26 498.25 505.87 524.32 539.88 602.11 670.29 699.62 702.71 640.59 616.99 557.76 560.82 582.12 603.32 623.87 717.14 716.16 675.95 691.11 704.78 718.59 730.80 741.85 752.94 762.77 772.43 782.35 790.93 799.51 808.22 816.07 825.53 833.35 842.08 850.18 858.11 866.37 874.58 881.94 890.48 898.52 906.74 914.51 922.26 929.84 937.41 945.18 953.22 961.16 968.98 0.00 0.00 0.00 0.00 0.00 0.00 0.00 0.00 0.00 0.00 0.00 0.00 0.00 0.00 0.00 0.00 0.00 0.00 0.00 0.00
535.12 520.19 545.77 590.24 594.63 629.53 660.16 726.12 680.24 590.83 551.79 541.64 562.32 582.77 603.40 627.54 700.11 660.00 676.00 691.60 706.11 719.31 732.04 743.36 754.02 764.79 775.09 784.84 794.18 803.76 811.55 820.48 828.62 837.51 845.75 853.91 862.70 870.74 878.24 886.22 894.38 902.27 910.19 918.24 925.81 933.53 940.89 948.87 956.22 963.93 971.50 0.00 0.00 0.00 0.00 0.00 0.00 0.00 0.00 0.00 0.00 0.00 0.00 0.00 0.00 0.00 0.00 0.00 0.00 0.00 0.00
532.29 570.35 565.30 569.76 607.28 587.02 607.36 617.21 578.85 545.61 531.45 546.17 565.72 585.58 605.22 647.86 684.64 660.43 677.38 693.05 707.54 721.20 734.12 745.81 756.61 767.61 778.28 788.20 797.99 806.64 815.50 824.77 833.26 841.55 850.33 858.22 866.90 874.82 882.58 890.52 898.14 906.08 914.13 921.84 929.35 936.65 944.51 952.07 959.67 966.95 974.86 0.00 0.00 0.00 0.00 0.00 0.00 0.00 0.00 0.00 0.00 0.00 0.00 0.00 0.00 0.00 0.00 0.00 0.00 0.00 0.00
587.68 576.45 586.45 581.69 564.71 567.67 569.87 593.33 548.89 525.77 553.73 551.54 570.59 589.44 608.49 628.61 665.59 664.67 679.85 695.75 710.19 724.85 737.72 749.52 760.62 771.36 781.91 792.25 801.82 810.86 819.64 829.00 837.59 846.24 854.93 862.96 870.93 879.44 887.09 894.92 902.12 909.69 917.62 925.44 932.97 940.38 947.99 955.36 963.01 970.39 977.72 0.00 0.00 0.00 0.00 0.00 0.00 0.00 0.00 0.00 0.00 0.00 0.00 0.00 0.00 0.00 0.00 0.00 0.00 0.00 0.00
589.96 585.02 576.49 587.22 608.24 672.39 681.93 667.75 583.93 568.29 548.10 560.06 577.67 595.54 613.57 631.91 650.43 666.87 683.99 699.81 714.36 728.08 741.55 753.07 764.74 775.85 786.07 796.14 806.11 815.45 824.66 832.93 842.25 850.77 859.20 867.51 875.60 883.13 890.89 898.83 906.50 913.50 920.93 928.60 936.38 943.71 951.13 958.55 966.09 973.59 981.05 0.00 0.00 0.00 0.00 0.00 0.00 0.00 0.00 0.00 0.00 0.00 0.00 0.00 0.00 0.00 0.00 0.00 0.00 0.00 0.00
651.13 666.43 631.63 638.64 652.01 705.85 741.67 672.95 627.21 571.17 570.90 569.11 585.39 602.78 620.41 638.20 655.60 672.81 688.57 704.15 719.76 733.90 746.03 758.74 769.95 781.30 791.14 801.26 810.69 819.65 829.63 838.19 847.01 855.15 863.58 871.96 879.74 887.23 895.31 902.38 909.66 916.56 924.29 931.77 939.62 946.77 954.27 961.91 969.24 976.38 983.92 0.00 0.00 0.00 0.00 0.00 0.00 0.00 0.00 0.00 0.00 0.00 0.00 0.00 0.00 0.00 0.00 0.00 0.00 0.00 0.00
698.55 727.30 714.31 655.43 671.72 698.70 723.08 674.04 570.88 586.00 575.91 579.34 594.58 610.69 628.34 645.15 662.17 679.51 695.69 711.04 726.25 739.76 753.10 764.77 776.80 787.07 796.88 806.54 816.67 825.47 834.91 843.46 851.74 860.92 869.04 877.15 884.84 892.55 899.59 906.78 913.56 920.93 928.08 935.38 943.22 950.50 958.05 965.74 972.89 980.30 987.80 0.00 0.00 0.00 0.00 0.00 0.00 0.00 0.00 0.00 0.00 0.00 0.00 0.00 0.00 0.00 0.00 0.00 0.00 0.00 0.00
620.63 696.35 681.07 662.28 629.17 625.26 655.69 630.03 564.95 571.98 578.33 590.95 604.70 621.67 638.64 655.03 671.97 688.00 703.76 719.82 734.14 747.20 760.41 771.64 783.68 793.66 803.51 813.64 822.75 831.82 840.19 849.57 857.58 865.74 874.90 882.14 890.10 897.14 904.19 911.26 917.67 924.33 932.43 939.30 947.09 954.63 961.74 969.25 977.10 984.57 991.92 0.00 0.00 0.00 0.00 0.00 0.00 0.00 0.00 0.00 0.00 0.00 0.00 0.00 0.00 0.00 0.00 0.00 0.00 0.00 0.00
647.05 715.34 701.11 677.21 614.98 595.32 647.23 720.23 664.59 588.91 595.01 622.58 764.93 647.52 651.86 667.43 683.12 699.60 714.78 730.20 743.89 756.27 769.20 780.22 791.48 801.55 811.07 821.14 829.45 838.61 846.63 855.27 863.85 871.76 880.18 887.47 894.59 902.00 908.54 915.44 921.70 929.03 936.98 943.49 951.72 958.73 966.33 973.58 981.09 988.85 995.62 0.00 0.00 0.00 0.00 0.00 0.00 0.00 0.00 0.00 0.00 0.00 0.00 0.00 0.00 0.00 0.00 0.00 0.00 0.00 0.00
615.71 659.85 696.14 695.93 699.51 718.07 731.41 779.41 646.69 615.22 614.58 638.20 705.08 700.26 667.46 683.32 698.15 712.83 727.51 741.42 755.49 767.11 778.91 789.32 800.36 809.95 819.48 828.45 836.68 845.33 853.54 861.51 869.87 877.44 885.18 893.10 900.04 906.84 913.31 920.61 926.61 933.42 941.36 948.35 955.79 962.95 970.42 978.57 985.35 992.92 999.86 0.00 0.00 0.00 0.00 0.00 0.00 0.00 0.00 0.00 0.00 0.00 0.00 0.00 0.00 0.00 0.00 0.00 0.00 0.00 0.00
564.01 639.54 702.98 767.15 769.04 795.37 807.11 804.44 766.22 660.50 639.59 696.46 676.02 673.17 686.60 700.33 714.79 728.85 742.05 755.49 767.05 777.80 789.04 799.50 809.21 819.19 827.24 836.75 844.35 852.57 860.09 868.06 875.88 883.22 891.11 898.25 904.93 911.71 918.57 925.16 931.14 938.56 945.78 953.00 960.52 967.85 975.79 982.95 989.81 996.46 1003.90 0.00 0.00 0.00 0.00 0.00 0.00 0.00 0.00 0.00 0.00 0.00 0.00 0.00 0.00 0.00 0.00 0.00 0.00 0.00 0.00
538.15 526.04 587.32 687.76 738.58 781.28 782.20 786.32 696.07 660.82 668.92 681.99 682.84 694.71 707.13 720.53 732.93 744.29 757.59 769.04 780.53 790.60 800.39 810.15 819.25 828.41 836.23 844.86 852.27 860.07 867.46 874.41 881.77 889.41 896.50 903.80 910.66 917.47 923.93 930.30 936.63 943.58 950.70 957.89 965.04 972.49 980.11 986.99 994.26 1000.86 1007.90 0.00 0.00 0.00 0.00 0.00 0.00 0.00 0.00 0.00 0.00 0.00 0.00 0.00 0.00 0.00 0.00 0.00 0.00 0.00 0.00
494.02 498.57 543.67 631.89 702.07 722.30 737.73 708.90 664.28 676.78 687.88 697.53 707.68 718.47 729.82 741.18 751.91 763.26 774.10 784.40 793.86 804.01 811.81 821.50 829.21 837.59 845.52 852.63 860.44 867.60 874.69 881.00 888.53 895.42 902.65 909.90 916.71 922.82 929.17 935.62 941.74 948.41 955.89 962.74 969.55 977.16 984.64 990.88 997.93 1004.71 1011.90 0.00 0.00 0.00 0.00 0.00 0.00 0.00 0.00 0.00 0.00 0.00 0.00 0.00 0.00 0.00 0.00 0.00 0.00 0.00 0.00
487.71 496.47 528.33 611.51 661.23 682.26 772.94 681.87 707.28 703.15 714.50 723.23 733.18 743.19 752.63 762.58 772.66 781.25 791.35 799.30 809.00 816.96 823.95 833.22 840.29 847.27 855.17 861.38 868.54 876.43 882.28 889.03 895.64 902.41 909.32 915.94 921.97 928.53 934.90 941.51 947.09 954.03 961.22 967.93 975.15 982.22 988.99 995.68 1002.21 1009.06 1016.44 0.00 0.00 0.00 0.00 0.00 0.00 0.00 0.00 0.00 0.00 0.00 0.00 0.00 0.00 0.00 0.00 0.00 0.00 0.00 0.00
500.70 509.72 538.89 575.44 628.14 661.29 681.72 740.84 759.60 791.54 785.58 751.74 759.95 768.59 777.22 784.57 793.24 801.06 808.15 816.50 823.27 830.40 837.59 843.84 850.83 858.00 864.24 870.50 877.56 884.25 890.72 896.71 903.03 908.78 915.70 922.29 928.59 934.74 940.60 947.45 952.84 958.99 966.63 973.00 980.27 987.25 993.91 1000.66 1007.09 1013.87 1020.89 0.00 0.00 0.00 0.00 0.00 0.00 0.00 0.00 0.00 0.00 0.00 0.00 0.00 0.00 0.00 0.00 0.00 0.00 0.00 0.00
537.61 538.29 559.61 594.27 651.75 663.79 694.71 757.35 863.90 941.29 821.70 780.77 788.62 794.81 801.17 807.92 813.33 819.24 826.78 831.88 838.60 844.57 850.61 856.26 862.69 867.92 874.38 880.68 887.21 893.30 899.10 904.12 910.26 915.97 922.62 928.81 934.47 941.54 947.29 953.76 958.74 965.58 972.79 978.95 985.82 992.73 998.79 1005.32 1011.62 1018.26 1024.82 0.00 0.00 0.00 0.00 0.00 0.00 0.00 0.00 0.00 0.00 0.00 0.00 0.00 0.00 0.00 0.00 0.00 0.00 0.00 0.00
574.83 561.10 589.33 660.52 677.74 693.31 723.44 776.52 893.20 869.42 804.29 808.80 815.65 819.87 824.80 829.62 834.41 839.05 843.61 848.32 852.93 858.40 863.93 868.62 874.15 878.97 884.33 890.59 896.24 901.97 907.31 912.03 918.24 923.36 929.74 935.48 941.73 948.28 953.74 959.72 965.42 971.46 978.25 984.57 991.11 997.74 1003.67 1010.01 1015.97 1022.50 1029.37 0.00 0.00 0.00 0.00 0.00 0.00 0.00 0.00 0.00 0.00 0.00 0.00 0.00 0.00 0.00 0.00 0.00 0.00 0.00 0.00
578.32 596.72 624.20 763.80 793.33 779.47 784.27 808.66 1003.42 889.66 831.64 837.55 842.63 844.28 847.49 850.88 853.78 856.17 860.66 863.52 868.02 871.55 876.53 880.94 885.83 890.16 894.55 900.73 905.43 910.39 915.77 920.29 926.15 930.55 937.33 942.47 948.19 955.23 960.58 965.86 971.23 977.41 984.05 990.14 996.41 1002.73 1008.67 1014.52 1020.20 1027.01 1033.84 0.00 0.00 0.00 0.00 0.00 0.00 0.00 0.00 0.00 0.00 0.00 0.00 0.00 0.00 0.00 0.00 0.00 0.00 0.00 0.00
621.14 639.42 665.97 707.59 766.27 848.22 1036.35 934.59 1040.55 1034.44 859.30 863.75 864.72 866.53 868.51 869.54 871.30 873.48 875.16 879.01 881.51 886.04 889.30 892.81 897.07 901.25 905.21 910.50 914.87 919.66 924.47 928.33 933.86 938.45 943.73 949.88 955.68 961.40 967.32 973.03 977.65 983.78 990.01 995.32 1001.57 1007.02 1012.77 1018.35 1024.48 1031.49 1038.28 0.00 0.00 0.00 0.00 0.00 0.00 0.00 0.00 0.00 0.00 0.00 0.00 0.00 0.00 0.00 0.00 0.00 0.00 0.00 0.00
670.86 687.91 711.09 738.20 809.27 945.55 1042.91 906.79 946.35 1019.12 914.63 886.16 886.48 886.70 886.32 887.01 886.90 888.67 890.76 892.42 895.01 897.96 901.97 904.48 907.86 911.81 915.35 919.89 923.70 928.30 932.73 936.85 941.83 946.00 951.70 957.14 962.56 968.52 974.29 979.11 983.60 989.23 995.49 1000.72 1006.64 1011.99 1017.63 1023.64 1029.69 1036.32 1042.47 0.00 0.00 0.00 0.00 0.00 0.00 0.00 0.00 0.00 0.00 0.00 0.00 0.00 0.00 0.00 0.00 0.00 0.00 0.00 0.00
722.44 736.14 754.15 778.79 810.43 926.07 1042.98 905.68 931.20 1000.97 928.94 903.63 902.53 902.99 901.29 901.27 901.41 902.39 903.30 906.16 907.06 911.05 913.26 916.25 919.26 922.03 924.96 929.14 932.80 936.74 940.77 945.52 949.59 954.12 959.27 964.14 969.96 975.22 980.21 985.81 989.64 995.09 1000.92 1005.89 1011.30 1016.53 1022.50 1028.16 1034.79 1041.12 1047.23 0.00 0.00 0.00 0.00 0.00 0.00 0.00 0.00 0.00 0.00 0.00 0.00 0.00 0.00 0.00 0.00 0.00 0.00 0.00 0.00
771.53 783.15 797.97 816.17 839.33 860.79 895.26 898.78 909.15 915.53 921.33 916.94 917.50 917.48 915.30 915.16 914.46 915.15 916.91 918.08 920.38 922.20 925.27 926.88 929.50 931.23 934.93 937.38 941.70 945.26 949.38 953.22 957.66 961.77 966.41 971.48 977.58 982.40 987.58 992.54 996.03 1000.62 1006.04 1010.77 1016.18 1021.60 1027.59 1033.61 1039.91 1046.21 1052.15 0.00 0.00 0.00 0.00 0.00 0.00 0.00 0.00 0.00 0.00 0.00 0.00 0.00 0.00 0.00 0.00 0.00 0.00 0.00 0.00
818.90 824.21 836.41 852.25 868.61 885.35 902.76 914.56 923.67 928.37 930.18 930.57 928.78 927.88 926.28 926.60 927.16 927.50 928.55 930.16 930.95 933.58 934.98 937.13 938.53 940.99 943.51 946.88 950.65 954.61 957.84 961.97 964.99 968.99 973.88 979.19 984.60 989.07 993.88 997.38 1000.99 1005.92 1010.90 1015.98 1021.74 1027.42 1033.00 1038.99 1045.65 1051.50 1057.35 0.00 0.00 0.00 0.00 0.00 0.00 0.00 0.00 0.00 0.00 0.00 0.00 0.00 0.00 0.00 0.00 0.00 0.00 0.00 0.00
857.72 863.89 870.22 880.83 893.59 906.50 917.83 928.06 935.08 938.78 939.70 939.25 938.95 938.27 937.90 937.53 938.04 939.10 941.46 941.33 942.84 943.42 945.84 947.03 948.11 950.01 952.98 956.14 959.39 962.61 965.85 969.33 973.18 977.03 981.64 986.33 991.49 995.35 999.12 1003.41 1006.81 1011.60 1016.52 1022.12 1027.52 1033.32 1039.37 1044.58 1050.53 1056.56 1062.26 0.00 0.00 0.00 0.00 0.00 0.00 0.00 0.00 0.00 0.00 0.00 0.00 0.00 0.00 0.00 0.00 0.00 0.00 0.00 0.00
891.22 893.39 898.35 906.49 915.34 923.87 933.32 939.82 944.56 947.14 948.76 949.98 948.77 949.29 949.24 948.92 949.86 950.19 950.98 951.51 952.53 954.23 954.67 955.27 957.51 959.39 962.31 964.33 966.85 970.59 973.97 976.87 980.54 984.75 989.18 993.27 997.62 1000.51 1005.35 1009.52 1012.21 1017.56 1022.66 1028.10 1034.05 1039.07 1044.84 1049.94 1056.02 1061.71 1067.40 0.00 0.00 0.00 0.00 0.00 0.00 0.00 0.00 0.00 0.00 0.00 0.00 0.00 0.00 0.00 0.00 0.00 0.00 0.00 0.00
914.81 919.16 921.36 927.04 933.29 938.36 945.76 950.64 955.16 956.40 958.21 958.65 960.08 959.04 959.87 960.36 960.61 960.67 960.50 961.39 961.84 962.45 964.00 964.58 965.84 967.96 970.39 972.81 976.07 978.61 980.80 983.81 987.85 991.36 995.82 999.46 1003.72 1007.39 1011.61 1015.68 1018.32 1023.76 1029.01 1034.59 1039.79 1044.72 1050.14 1055.29 1061.20 1067.24 1072.90 0.00 0.00 0.00 0.00 0.00 0.00 0.00 0.00 0.00 0.00 0.00 0.00 0.00 0.00 0.00 0.00 0.00 0.00 0.00 0.00
935.81 937.10 940.94 944.02 947.45 953.92 958.08 961.08 963.43 966.78 968.41 969.82 968.65 969.34 969.55 969.87 969.36 969.70 969.63 970.61 970.11 970.95 971.31 972.66 973.96 975.74 977.75 979.84 982.81 986.47 988.83 991.35 994.59 998.69 1002.87 1006.21 1009.62 1012.99 1017.73 1022.13 1025.27 1030.24 1035.35 1040.62 1045.69 1050.23 1055.44 1060.88 1066.92 1072.87 1078.51 0.00 0.00 0.00 0.00 0.00 0.00 0.00 0.00 0.00 0.00 0.00 0.00 0.00 0.00 0.00 0.00 0.00 0.00 0.00 0.00
951.60 952.97 955.50 958.85 962.54 965.85 968.65 972.91 974.75 975.58 978.41 977.84 977.79 978.24 979.94 978.54 977.88 978.84 977.85 978.35 978.64 978.49 980.62 981.39 982.01 984.36 985.53 987.91 990.92 992.82 995.53 999.00 1002.24 1006.09 1008.87 1012.76 1015.75 1019.72 1024.60 1028.96 1032.15 1036.59 1041.85 1046.26 1051.08 1056.42 1061.23 1066.38 1073.06 1078.81 1085.63 0.00 0.00 0.00 0.00 0.00 0.00 0.00 0.00 0.00 0.00 0.00 0.00 0.00 0.00 0.00 0.00 0.00 0.00 0.00 0.00
