content/post/2021-10-28-a-raster-map/data/rainan.txt
ncols 886
nrows 691
xllcenter 112.0000
yllcenter -44.5000
cellsize 0.0500
nodata_value 99999.90
[rows 192 to 223 of 691, columns 497 to 567 of 886]
377.97 378.00 379.69 381.59 383.53 385.49 386.93 387.97 389.95 391.40 392.74 393.08 395.84 398.39 399.54 401.50 404.36 405.32 407.79 409.76 413.44 416.01 421.50 426.13 429.59 434.32 437.77 442.60 443.04 443.67 442.92 446.78 453.75 455.81 469.61 470.06 470.95 478.17 475.43 490.39 505.16 493.81 497.30 521.55 536.79 557.83 568.31 586.31 585.43 578.63 563.15 554.04 564.91 594.16 579.85 573.15 559.70 556.29 552.51 569.50 561.32 577.84 569.86 567.92 563.32 567.96 572.18 592.07 599.41 586.57 580.91
375.20 376.17 378.05 379.35 380.96 382.41 383.36 385.24 386.80 387.76 387.90 389.85 392.25 394.62 397.37 398.94 401.22 403.51 406.28 408.95 411.74 414.83 417.77 421.85 425.30 431.06 435.89 439.17 443.50 445.36 445.51 447.15 453.86 458.68 464.79 470.39 470.55 478.40 481.52 492.97 493.78 499.30 495.99 519.43 534.02 555.16 568.88 573.45 576.72 582.49 570.14 560.84 598.47 593.53 579.45 569.17 576.95 567.62 563.79 570.62 589.13 592.73 577.32 569.05 566.11 571.54 576.48 588.07 596.87 585.58 579.11
373.70 374.44 375.00 376.11 377.79 379.48 379.92 381.97 382.91 383.52 384.98 388.01 389.76 392.40 394.78 395.76 398.40 403.08 406.21 408.28 412.01 415.56 418.26 419.48 422.12 428.10 435.52 437.62 440.82 444.93 447.62 446.82 450.81 458.74 467.78 476.28 478.20 482.42 487.98 493.57 498.60 498.47 504.21 522.34 539.13 546.29 537.36 548.60 548.27 544.17 544.20 554.91 585.45 592.64 598.42 588.35 591.38 566.63 586.15 580.61 607.49 608.38 579.70 575.87 578.22 574.09 580.23 588.23 595.74 588.50 578.08
371.89 372.29 372.62 374.09 375.87 377.00 377.16 379.28 380.03 381.78 384.05 386.85 388.05 390.03 392.21 393.19 396.13 400.33 403.87 408.04 412.22 415.72 418.96 419.89 421.50 428.04 435.04 435.75 440.50 444.32 446.54 450.57 456.19 460.93 468.66 481.87 479.31 489.88 493.16 500.28 504.13 496.93 507.20 526.13 540.41 537.16 533.70 542.43 525.25 535.24 562.35 557.07 568.88 589.28 592.70 592.01 594.47 572.12 591.06 595.90 633.20 632.31 591.27 583.18 581.09 582.59 582.25 591.97 597.40 583.20 572.04
371.48 370.71 370.55 372.55 374.53 374.90 377.11 379.46 379.21 380.11 381.79 383.72 384.75 387.22 389.95 390.94 395.36 398.54 401.34 405.69 411.26 415.36 418.33 419.29 421.68 425.42 429.72 434.67 441.12 443.30 442.59 447.88 456.20 461.22 469.10 481.84 486.03 494.86 494.46 504.17 510.86 501.09 510.02 528.54 526.66 526.01 543.01 535.04 533.10 544.66 569.59 564.79 580.67 612.06 619.06 588.09 593.49 578.24 566.53 622.85 638.39 623.57 585.39 581.85 602.99 598.15 585.86 597.18 594.37 578.72 570.56
370.82 370.40 369.45 371.09 371.81 373.07 375.37 377.51 377.11 376.96 377.08 379.46 382.16 384.23 387.37 388.12 392.23 396.57 400.19 403.82 408.69 414.59 419.87 419.76 422.70 424.47 428.15 433.91 437.73 437.02 439.74 447.83 457.37 466.84 471.39 482.49 487.92 487.74 489.34 499.22 511.58 506.21 506.23 530.46 530.18 533.39 540.95 523.97 513.33 550.24 566.43 561.19 569.42 588.33 589.28 595.87 594.18 564.99 571.40 619.33 631.45 607.39 600.04 591.57 620.35 593.80 585.30 596.95 592.68 578.05 567.16
368.18 368.57 368.35 369.43 371.21 372.74 374.02 374.30 374.59 374.59 374.31 377.58 377.78 381.89 383.79 385.48 391.59 393.46 396.73 403.32 405.15 411.90 417.59 418.15 419.58 420.34 423.12 428.65 428.71 433.17 438.98 447.14 457.09 469.18 476.31 478.83 478.13 479.37 482.62 486.67 496.13 502.80 505.69 518.36 530.74 537.60 535.85 521.65 510.14 533.19 533.62 545.33 567.46 575.31 565.93 588.60 602.53 579.39 570.11 610.78 604.36 591.06 603.81 600.22 611.87 587.12 581.38 593.03 586.59 570.89 562.37
366.60 367.34 367.76 368.62 371.24 370.89 371.48 371.30 372.35 370.86 372.75 371.65 372.71 378.21 379.93 383.79 389.26 389.98 392.65 398.37 402.15 410.35 414.20 415.13 415.90 415.38 420.78 423.20 424.10 430.57 437.38 445.99 456.84 467.42 480.11 478.50 475.17 471.64 472.87 477.58 490.20 497.18 498.61 507.96 520.44 530.10 536.92 526.59 518.99 536.65 531.65 544.17 583.07 582.87 561.43 547.87 570.78 553.90 564.26 605.87 587.80 601.81 599.02 608.74 601.99 579.29 574.43 584.84 579.43 563.62 553.96
366.22 365.34 366.47 366.39 369.71 370.05 369.56 369.30 369.40 368.88 369.55 369.73 369.57 372.03 376.63 382.24 386.40 390.18 391.01 392.36 398.17 404.82 410.16 411.39 409.50 410.98 418.45 417.58 423.51 429.29 433.80 440.58 449.32 457.16 474.37 474.99 473.22 470.08 466.47 469.09 478.44 482.65 488.60 503.84 517.76 520.53 510.88 513.53 518.04 536.02 532.86 541.14 562.97 568.89 553.38 534.98 546.77 535.44 553.66 565.89 555.50 595.85 602.04 586.17 583.55 574.49 568.85 577.16 568.56 550.74 538.51
366.19 364.34 365.07 364.81 366.15 366.71 366.56 368.33 366.08 366.01 367.04 366.10 367.58 370.07 378.24 379.89 384.63 387.12 389.65 390.12 394.86 400.58 405.89 406.80 404.45 405.73 411.07 416.27 419.90 424.44 429.58 435.64 444.63 449.62 459.00 460.86 465.75 466.34 461.75 461.35 469.58 481.81 488.23 501.30 511.08 513.56 514.01 512.69 510.52 535.04 531.70 557.44 554.90 572.11 533.06 541.30 549.80 547.00 536.08 538.39 538.84 551.66 576.09 569.97 576.63 566.82 560.93 563.66 556.83 538.77 520.20
367.49 363.76 362.76 361.83 360.72 362.62 362.92 364.07 363.26 362.77 365.21 363.70 364.84 370.26 375.59 380.28 380.20 384.81 389.39 389.10 393.37 397.45 400.73 402.95 400.06 402.16 407.66 411.15 415.49 419.63 425.44 433.58 442.70 447.10 450.32 452.87 460.37 461.69 457.57 454.94 465.71 477.09 482.18 495.57 497.01 508.80 517.84 529.62 522.86 544.73 537.14 560.52 549.36 553.32 537.62 554.77 545.38 523.84 523.35 530.12 541.69 548.19 564.71 561.15 571.21 555.75 551.93 554.55 550.11 526.94 510.33
368.23 365.17 364.87 359.81 357.68 357.48 359.14 361.77 361.29 360.80 363.17 362.43 362.61 369.31 372.07 378.11 379.48 384.48 387.78 387.36 392.84 395.20 397.31 398.07 397.29 400.96 405.34 410.75 412.25 413.33 417.78 426.77 431.38 439.62 443.75 439.21 448.63 454.99 446.98 449.35 453.61 462.50 478.75 483.75 489.49 499.85 514.55 538.68 526.61 553.00 544.37 543.54 555.74 563.92 519.17 519.53 519.82 513.38 522.94 539.29 541.82 548.79 552.96 557.98 554.58 548.05 547.19 559.50 540.55 523.87 515.88
366.70 366.15 362.44 358.10 356.46 355.10 355.53 359.14 360.18 360.28 358.59 361.44 361.01 365.85 370.64 378.35 380.78 382.12 386.60 387.30 392.08 392.92 395.21 394.56 395.11 399.31 402.85 405.58 406.44 408.17 411.63 419.65 428.11 429.26 429.47 429.65 441.04 443.24 435.79 440.90 447.22 455.20 470.15 473.29 479.68 492.24 501.01 521.11 532.41 554.81 561.51 550.08 558.94 561.67 522.24 517.99 518.31 511.77 517.97 542.65 537.31 543.82 539.31 557.40 543.35 544.28 558.54 548.31 533.99 528.04 523.87
362.34 361.95 358.70 354.80 352.97 354.17 353.29 355.13 357.93 358.56 359.13 359.64 360.49 364.48 371.10 376.09 380.30 381.91 386.73 389.08 389.96 390.94 392.67 392.06 393.32 396.59 397.66 398.18 400.76 402.61 404.97 409.31 415.16 416.38 417.23 424.25 435.87 430.32 432.44 437.32 442.69 453.84 458.88 465.15 476.92 487.95 501.21 518.12 533.20 550.66 572.94 556.11 563.11 566.02 525.98 520.34 537.91 523.40 523.08 541.35 549.74 532.32 563.11 564.98 550.15 540.94 556.20 550.47 541.91 530.55 525.30
354.80 354.13 352.09 351.11 349.58 353.24 351.65 350.73 352.09 353.75 358.10 363.06 361.13 365.11 371.62 374.51 378.42 382.89 386.01 390.11 387.91 388.72 389.97 390.79 391.15 390.91 391.96 393.34 395.60 396.67 398.12 400.48 403.54 405.75 408.42 413.50 420.96 422.68 438.55 448.29 443.44 448.65 459.09 466.67 471.74 482.87 503.45 529.81 549.06 551.58 566.27 549.07 558.57 541.50 515.80 525.47 533.54 511.73 513.21 522.34 529.41 529.75 576.74 549.43 546.36 549.84 550.37 546.74 542.68 539.90 527.86
352.22 351.50 349.62 350.58 347.47 347.47 349.13 350.05 351.35 352.93 354.45 359.59 360.94 363.03 369.57 372.89 376.93 381.34 384.88 386.84 387.03 387.76 388.29 389.13 387.42 386.93 387.65 389.78 390.63 391.50 393.36 395.07 400.79 407.76 414.42 419.20 415.32 416.06 428.44 447.22 446.63 443.26 449.58 461.54 470.29 478.24 490.48 518.02 525.52 527.95 541.72 529.80 538.58 507.80 507.35 520.25 533.64 522.45 498.13 513.61 540.57 545.32 568.13 556.79 548.30 541.23 540.61 551.02 541.36 535.02 525.96
345.65 346.64 348.04 350.55 344.49 343.69 345.26 347.14 350.49 352.18 352.68 354.31 359.69 363.17 365.53 370.84 377.00 382.56 384.34 385.28 386.28 387.00 386.46 386.31 387.06 386.20 385.12 387.50 387.71 387.00 389.94 393.89 397.73 396.44 400.04 405.85 416.86 422.49 421.39 435.95 448.31 440.85 447.39 452.05 461.26 466.63 481.29 493.41 499.98 517.28 526.64 540.47 513.46 522.84 534.68 531.52 511.53 521.09 504.55 506.72 564.65 575.85 559.54 545.30 543.26 534.47 539.67 543.67 539.31 538.46 526.39
344.48 345.49 346.52 345.56 344.22 341.30 340.98 342.91 346.67 349.03 351.20 352.40 356.10 360.12 364.59 369.20 377.22 385.85 385.97 385.19 385.33 385.59 384.58 383.75 383.48 381.81 382.54 383.99 385.78 386.71 385.37 387.72 388.88 390.08 394.71 401.29 405.68 416.10 422.61 426.12 432.60 433.09 439.32 447.84 452.86 460.50 470.77 476.13 492.96 509.17 525.58 539.34 525.16 532.19 537.28 523.41 506.75 537.22 500.75 508.34 556.04 603.29 583.45 540.03 539.37 554.51 542.18 549.34 546.66 536.28 529.18
342.75 343.00 344.64 341.86 340.05 339.40 338.63 340.25 343.39 345.45 347.32 349.82 353.55 358.00 363.32 367.75 375.93 381.52 384.64 385.70 384.92 382.45 381.45 379.51 378.55 378.67 380.70 380.36 380.27 383.15 384.26 386.29 386.92 386.54 395.96 411.61 410.56 424.52 424.97 420.90 418.70 423.09 427.75 434.67 441.41 464.88 479.51 471.55 482.09 495.82 513.98 540.66 523.06 525.00 521.67 516.80 528.69 510.37 482.56 520.03 581.55 560.04 547.46 528.58 538.17 605.95 553.46 553.58 544.21 539.33 536.96
339.24 338.88 340.02 337.64 336.75 337.61 335.54 336.69 338.27 342.23 345.04 347.41 351.26 355.87 361.18 364.93 368.86 374.24 377.90 380.39 380.05 378.52 376.18 376.22 376.42 375.11 374.20 374.51 375.44 376.84 379.85 381.14 382.53 381.13 395.36 396.06 397.64 405.75 404.08 405.86 408.19 417.48 423.51 427.32 438.40 458.56 475.50 475.15 482.96 491.66 498.14 521.65 519.32 488.24 485.38 479.36 502.26 493.37 481.42 511.37 553.65 567.06 561.57 557.17 550.07 549.99 538.69 542.97 533.20 533.09 538.03
334.98 334.49 335.71 332.80 335.61 336.73 333.02 334.33 336.31 338.66 341.41 345.09 348.86 352.70 357.92 362.39 366.17 368.01 373.10 373.55 373.94 372.25 371.29 371.09 370.68 368.69 368.47 367.71 368.76 370.12 373.02 376.91 374.73 374.37 377.08 381.11 385.99 391.23 396.67 400.05 400.67 415.77 424.58 426.12 435.09 450.44 466.65 464.55 469.86 480.11 485.61 497.66 502.77 468.41 469.39 486.85 468.86 470.76 481.93 503.84 551.14 580.81 577.80 554.00 534.38 546.67 554.03 543.17 529.70 540.76 533.84
330.93 330.41 331.19 331.41 335.78 335.52 331.78 330.30 333.84 336.37 339.62 342.59 346.65 348.61 352.34 357.20 360.41 362.15 367.00 368.24 368.67 366.40 366.45 364.68 363.13 362.75 361.93 362.46 364.40 364.52 364.96 367.25 370.86 370.38 372.61 375.85 379.95 384.94 393.16 390.50 394.28 401.64 412.29 418.98 428.28 434.85 453.13 443.09 451.36 464.02 476.80 475.63 471.98 461.49 493.99 490.87 483.70 480.33 489.70 508.89 560.48 571.59 545.98 537.10 536.81 560.77 557.22 524.26 544.10 537.27 534.69
327.20 326.57 326.55 329.29 332.78 332.64 330.02 328.90 332.20 334.31 337.20 340.87 343.32 344.39 347.04 350.98 353.75 355.63 360.55 361.91 362.32 361.18 357.94 358.29 358.16 358.04 358.08 359.18 359.43 360.46 361.31 362.50 362.78 364.26 366.83 370.17 374.52 376.59 381.70 383.46 387.97 393.66 400.90 404.69 412.81 421.11 429.18 437.50 455.89 461.77 470.46 465.61 473.27 463.52 494.96 484.81 464.74 481.84 497.97 500.85 550.27 592.16 563.68 552.14 574.97 550.16 537.37 541.98 554.44 548.89 535.79
325.10 324.62 325.06 325.86 327.08 327.03 327.01 327.68 331.39 331.91 333.96 337.25 339.33 341.42 342.98 345.70 348.40 350.48 353.61 356.14 356.62 353.62 354.02 355.96 358.33 356.36 354.44 354.19 353.20 353.52 355.35 353.34 354.38 357.59 359.69 361.91 365.15 368.23 372.18 377.39 382.98 387.76 393.66 399.57 408.81 419.99 428.46 448.28 457.52 458.60 460.58 471.24 474.82 455.15 476.21 494.64 463.86 490.94 492.36 507.73 537.73 564.94 583.19 559.72 597.15 525.43 522.73 540.21 555.74 552.26 538.37
321.64 321.66 323.51 324.23 325.13 326.26 328.10 330.08 330.01 330.25 331.34 333.78 335.88 337.86 339.55 341.24 342.21 343.62 344.89 348.60 348.37 346.82 350.07 351.28 354.57 353.55 351.40 348.13 349.09 349.10 346.56 346.39 348.80 350.94 352.56 355.78 358.41 362.10 366.90 370.95 376.86 382.04 388.62 393.84 401.04 409.19 414.45 429.48 440.66 444.12 462.45 470.23 464.35 452.59 484.04 490.37 480.97 504.69 498.24 493.94 558.88 597.38 574.89 538.45 566.40 521.13 552.31 588.50 567.47 580.41 553.78
314.96 315.49 319.26 322.93 325.87 326.85 326.77 327.18 326.02 326.71 328.38 330.56 332.30 333.98 335.45 337.08 337.20 338.65 340.12 338.54 340.48 346.49 347.46 344.02 346.14 348.58 346.70 342.47 341.12 341.51 341.25 340.15 341.89 343.87 346.75 348.84 352.75 356.37 360.17 363.24 368.32 374.42 380.54 385.66 393.40 406.49 412.97 424.85 429.56 440.39 453.07 471.62 458.78 448.27 459.75 486.78 490.29 493.70 487.36 505.19 548.09 540.50 533.05 516.86 514.75 526.30 570.15 565.49 543.09 521.23 536.59
309.25 309.97 315.25 318.44 319.71 321.82 320.72 321.76 320.89 322.99 324.55 326.96 329.13 331.54 332.68 333.74 333.21 333.34 334.84 332.81 334.58 342.01 336.73 334.83 335.23 338.41 340.76 339.05 335.04 333.10 332.19 334.32 334.62 338.34 340.01 343.06 345.44 347.99 352.35 357.94 363.07 367.98 373.36 379.44 386.19 392.24 400.28 415.56 431.61 439.58 444.83 472.41 454.43 451.44 454.85 478.79 504.93 494.96 490.80 496.12 543.05 560.23 550.51 523.05 546.48 530.42 548.34 539.75 536.91 519.00 517.04
304.58 306.31 310.02 313.03 313.89 317.27 316.93 315.75 317.74 320.33 321.70 324.68 326.84 328.37 328.47 329.10 328.70 327.51 328.60 330.64 328.83 324.56 324.20 326.70 327.07 330.78 334.53 332.84 328.13 324.70 324.53 326.66 327.83 329.72 333.23 335.63 338.90 343.49 347.43 351.44 355.91 360.10 365.70 372.94 377.61 387.61 399.85 404.05 415.56 427.20 434.57 440.62 455.42 468.41 454.88 478.74 489.83 508.17 484.20 508.70 544.95 566.33 543.58 520.70 524.68 524.62 520.60 513.99 509.30 518.97 520.87
301.24 302.86 304.43 306.53 307.93 309.66 311.60 312.96 315.95 317.90 319.47 321.02 322.57 323.27 324.29 325.15 325.22 324.23 325.07 326.02 324.01 321.38 317.89 317.91 321.39 324.04 328.27 326.78 319.97 317.42 317.19 318.15 318.75 321.84 325.49 328.50 331.78 336.34 338.85 342.80 346.80 350.24 356.69 362.73 367.53 379.19 388.81 394.84 402.61 412.55 424.60 421.11 440.43 459.65 461.68 470.78 483.72 491.55 478.88 510.72 505.02 520.02 499.22 487.35 486.17 510.84 499.46 492.45 492.67 492.96 519.77
298.03 299.30 301.04 302.79 304.93 306.65 308.99 310.65 312.65 315.00 316.65 317.26 318.76 319.97 320.40 321.20 322.15 321.53 321.03 321.14 319.76 317.78 314.93 312.97 319.03 318.53 318.22 315.58 314.10 312.81 310.05 309.92 311.95 315.28 318.25 321.10 324.13 327.02 330.24 334.84 338.24 341.97 347.10 351.67 357.76 365.69 374.44 382.65 387.07 394.09 404.13 406.79 422.90 453.55 464.21 470.56 472.90 495.69 505.13 513.27 485.77 503.49 503.97 491.53 474.93 479.22 477.19 478.81 476.03 475.89 490.57
298.65 297.85 299.01 300.77 303.10 305.40 307.45 309.31 310.64 313.12 314.56 315.57 316.61 317.41 317.67 317.28 317.49 317.92 317.82 317.23 315.25 313.38 313.10 309.15 306.63 308.51 307.90 306.18 307.32 305.32 303.35 305.82 306.61 308.34 311.09 313.64 316.32 319.11 322.55 327.53 331.55 334.99 339.34 344.18 350.65 357.92 368.07 372.05 375.00 383.15 392.30 409.56 440.44 474.00 482.62 480.28 460.02 490.10 519.33 509.02 499.93 514.72 501.52 493.74 483.56 462.81 464.40 461.19 466.10 466.35 471.37
297.92 298.02 300.11 300.77 301.93 303.85 306.63 308.36 309.28 312.23 312.57 312.68 313.38 313.39 313.51 314.72 315.16 314.88 314.55 313.64 312.17 310.75 309.49 306.10 302.73 298.43 296.79 295.63 296.66 296.05 300.52 301.72 301.66 302.49 304.00 306.44 310.15 313.43 317.19 322.83 327.31 330.86 335.41 341.13 347.11 352.30 357.75 362.37 367.80 377.78 390.44 402.22 433.63 451.92 460.39 475.09 449.82 463.55 492.38 490.10 477.65 478.51 470.90 466.56 464.02 464.69 462.66 454.41 450.84 458.58 474.72
