content/post/2021-10-28-a-raster-map/data/rainan.txt
ncols 886
nrows 691
xllcenter 112.0000
yllcenter -44.5000
cellsize 0.0500
nodata_value 99999.90
[rows 0 to 31 of 691, columns 497 to 567 of 886]
1349.87 1351.13 1352.83 1354.38 1356.42 1358.78 1361.51 1364.14 1366.17 1368.18 1371.75 1374.80 1378.70 1382.49 1386.16 1389.89 1393.92 1398.09 1402.40 1406.92 1411.51 1416.09 1422.26 1427.46 1431.98 1436.81 1441.45 1446.77 1451.88 1457.22 1462.81 1468.10 1473.87 1479.47 1483.98 1489.54 1495.02 1500.73 1506.62 1512.43 1518.69 1524.67 1531.10 1537.61 1544.44 1551.26 1558.28 1565.96 1578.09 1585.40 1592.62 1599.65 1606.82 1613.74 1620.81 1627.83 1634.75 1641.69 1648.46 1654.86 1660.12 1666.81 1673.21 1679.71 1683.46 1686.51 1688.90 1691.38 1693.41 1695.42 1697.16
1345.98 1347.09 1348.61 1350.56 1352.44 1354.62 1357.25 1360.27 1362.20 1364.81 1367.92 1371.47 1375.26 1378.98 1382.95 1386.76 1390.81 1395.03 1399.44 1403.93 1408.45 1413.10 1419.23 1424.66 1429.22 1434.03 1438.96 1444.05 1449.21 1454.67 1460.03 1465.63 1471.21 1476.88 1481.42 1487.04 1492.60 1498.18 1504.12 1510.00 1516.22 1522.38 1528.92 1535.44 1542.35 1549.18 1556.27 1563.77 1575.96 1583.44 1590.89 1597.89 1605.01 1612.00 1619.12 1626.15 1633.21 1640.17 1647.00 1653.11 1658.74 1665.41 1671.88 1678.33 1682.11 1684.93 1687.33 1689.75 1691.75 1693.90 1695.62
1340.45 1341.67 1343.48 1345.24 1347.41 1349.66 1352.30 1355.15 1357.50 1360.06 1363.38 1366.92 1370.75 1374.74 1378.78 1382.79 1386.88 1391.28 1395.75 1400.28 1404.88 1409.44 1415.83 1421.18 1425.87 1430.84 1435.63 1440.88 1445.95 1451.34 1456.82 1462.39 1468.05 1473.67 1478.26 1483.95 1489.52 1495.16 1501.06 1507.03 1513.26 1519.50 1526.22 1532.90 1539.75 1546.59 1553.84 1561.39 1573.69 1581.23 1588.66 1595.65 1602.91 1609.95 1617.07 1624.18 1631.37 1638.27 1645.21 1651.33 1656.88 1663.78 1670.34 1676.74 1680.28 1683.12 1685.44 1687.86 1689.73 1691.87 1693.67
1335.42 1336.61 1338.08 1340.03 1342.39 1344.64 1347.21 1350.38 1352.69 1355.34 1358.82 1362.42 1366.26 1370.32 1374.48 1378.73 1383.01 1387.42 1392.00 1396.66 1401.12 1405.97 1412.15 1418.02 1422.77 1427.66 1432.62 1437.73 1442.84 1448.27 1453.64 1459.30 1464.91 1470.58 1475.18 1480.89 1486.50 1492.14 1498.07 1504.04 1510.26 1516.67 1523.51 1530.29 1537.15 1544.05 1551.35 1559.01 1571.42 1578.98 1586.36 1593.58 1600.80 1607.91 1615.18 1622.45 1629.50 1636.59 1643.50 1649.77 1655.32 1662.19 1668.56 1675.17 1678.65 1681.35 1683.58 1685.95 1687.96 1689.94 1691.63
1330.07 1331.01 1332.74 1334.64 1336.88 1339.39 1342.20 1345.23 1347.72 1350.74 1354.26 1357.78 1361.78 1365.92 1370.21 1374.69 1379.09 1383.66 1388.29 1393.04 1397.67 1402.52 1408.84 1414.74 1419.68 1424.57 1429.59 1434.77 1439.89 1445.32 1450.74 1456.33 1461.93 1467.52 1472.32 1477.94 1483.51 1489.09 1495.08 1501.10 1507.37 1513.86 1520.73 1527.51 1534.66 1541.65 1548.89 1556.77 1569.08 1576.71 1584.17 1591.59 1598.73 1606.08 1613.29 1620.60 1627.70 1634.99 1641.92 1648.21 1653.88 1660.49 1667.04 1673.44 1677.01 1679.68 1682.05 1684.07 1686.22 1687.97 1689.87
1324.85 1326.04 1327.31 1329.18 1331.51 1334.00 1336.97 1339.99 1342.75 1345.75 1349.43 1353.33 1357.32 1361.45 1365.79 1370.46 1375.13 1379.84 1384.51 1389.42 1394.13 1399.17 1405.54 1411.55 1416.53 1421.56 1426.64 1431.86 1436.93 1442.28 1447.85 1453.21 1459.01 1464.57 1469.55 1474.95 1480.49 1486.17 1492.12 1498.27 1504.49 1511.22 1517.90 1524.86 1531.95 1539.17 1546.48 1554.52 1566.78 1574.64 1581.97 1589.50 1596.88 1604.23 1611.55 1618.82 1626.11 1633.28 1640.38 1646.63 1652.40 1658.84 1665.62 1671.82 1675.49 1678.02 1680.44 1682.48 1684.54 1686.34 1687.89
1319.84 1320.66 1322.22 1324.01 1326.08 1328.80 1331.84 1335.21 1338.03 1341.47 1345.02 1349.26 1353.38 1357.86 1362.17 1366.82 1371.66 1376.43 1381.46 1386.38 1391.40 1396.45 1403.01 1408.85 1414.07 1419.15 1424.43 1429.60 1434.68 1439.91 1445.38 1451.01 1456.66 1462.42 1467.29 1472.68 1478.20 1483.81 1489.83 1495.91 1502.41 1508.94 1515.83 1522.73 1529.74 1537.08 1544.53 1552.76 1565.10 1572.89 1580.46 1587.95 1595.44 1602.81 1610.28 1617.50 1624.92 1632.04 1639.17 1645.31 1650.97 1657.50 1663.96 1670.29 1673.89 1676.47 1678.64 1680.99 1682.88 1684.70 1686.27
1314.55 1315.67 1316.94 1318.68 1320.98 1323.49 1326.62 1329.95 1333.22 1336.60 1340.55 1344.73 1349.22 1353.76 1358.23 1363.12 1367.82 1372.91 1378.06 1383.33 1388.36 1393.63 1400.04 1406.12 1411.23 1416.50 1421.96 1427.22 1432.41 1437.66 1443.14 1448.62 1454.29 1459.95 1464.87 1470.46 1475.83 1481.55 1487.33 1493.82 1499.93 1506.70 1513.51 1520.50 1527.53 1534.88 1542.53 1550.59 1563.34 1571.08 1578.78 1586.30 1593.84 1601.29 1608.72 1616.18 1623.40 1630.65 1637.58 1643.86 1649.48 1656.04 1662.60 1668.75 1672.37 1674.95 1677.38 1679.46 1681.53 1683.31 1684.92
1309.18 1310.37 1311.73 1313.73 1315.54 1318.11 1321.20 1324.67 1327.97 1331.68 1335.86 1339.94 1344.70 1349.20 1354.11 1358.79 1363.90 1368.90 1374.48 1379.78 1385.04 1390.35 1396.98 1403.24 1408.26 1413.77 1418.97 1424.53 1429.64 1435.16 1440.56 1446.05 1451.61 1457.25 1462.29 1467.72 1473.49 1478.88 1485.18 1491.04 1497.46 1504.03 1511.02 1518.18 1525.19 1532.61 1540.03 1548.49 1560.91 1569.20 1576.71 1584.46 1591.89 1599.56 1607.06 1614.37 1621.81 1628.80 1636.04 1642.11 1648.07 1654.59 1661.10 1667.41 1670.92 1673.82 1676.04 1678.28 1680.27 1682.18 1683.77
1303.50 1304.86 1306.38 1308.15 1310.24 1313.11 1316.09 1319.64 1323.03 1326.91 1331.10 1335.64 1340.07 1344.80 1349.71 1354.72 1359.72 1365.00 1370.71 1376.24 1381.61 1386.91 1393.97 1400.00 1405.65 1410.85 1416.35 1421.68 1427.07 1432.53 1437.96 1443.58 1448.95 1454.78 1459.39 1465.33 1470.77 1476.79 1482.61 1488.74 1494.97 1501.59 1508.61 1515.65 1523.13 1530.20 1538.04 1546.06 1559.09 1566.99 1574.90 1582.49 1590.09 1597.87 1605.16 1612.75 1619.83 1627.34 1634.20 1640.72 1646.41 1653.16 1659.89 1666.16 1669.87 1672.50 1675.10 1677.16 1679.33 1681.03 1682.75
1298.36 1299.43 1301.12 1303.12 1305.38 1307.95 1311.07 1314.80 1318.15 1322.21 1326.49 1331.09 1335.65 1340.59 1345.43 1350.75 1355.71 1361.11 1366.90 1372.61 1378.05 1383.69 1390.73 1397.07 1402.64 1407.98 1413.64 1419.05 1424.59 1429.94 1435.48 1441.06 1446.65 1452.20 1457.16 1462.79 1468.37 1474.20 1479.91 1486.47 1492.43 1499.45 1506.02 1513.56 1520.67 1528.29 1535.82 1544.09 1557.06 1565.10 1573.15 1580.52 1588.49 1595.80 1603.61 1610.70 1618.30 1625.40 1632.69 1639.11 1645.00 1651.92 1658.47 1665.19 1668.66 1671.61 1673.97 1676.55 1678.22 1680.36 1681.64
1292.50 1293.76 1295.97 1297.81 1300.44 1302.99 1306.43 1309.87 1313.69 1317.45 1322.05 1326.80 1331.58 1336.43 1341.31 1346.68 1351.81 1357.47 1363.04 1368.92 1374.79 1380.58 1387.58 1394.05 1399.53 1405.20 1410.97 1416.38 1422.03 1427.33 1433.01 1438.39 1444.19 1449.71 1454.93 1460.36 1465.97 1471.71 1477.60 1483.93 1490.33 1497.10 1503.97 1511.45 1518.55 1526.34 1533.55 1542.32 1554.97 1563.47 1571.03 1578.94 1586.49 1594.09 1601.74 1608.97 1616.63 1623.59 1631.32 1637.44 1643.99 1650.43 1657.58 1663.89 1667.87 1670.64 1673.33 1675.65 1677.55 1679.59 1680.68
1287.33 1288.51 1290.55 1292.92 1295.73 1298.37 1301.78 1305.62 1309.19 1313.20 1317.66 1322.40 1327.54 1332.54 1337.59 1342.71 1348.01 1353.62 1359.20 1365.31 1371.18 1377.25 1384.52 1390.93 1396.60 1402.41 1407.91 1413.92 1419.40 1424.87 1430.53 1435.86 1441.68 1447.18 1452.67 1457.84 1463.78 1469.33 1475.48 1481.58 1488.06 1494.96 1501.87 1509.33 1516.58 1524.26 1531.73 1540.42 1553.09 1561.54 1569.15 1577.24 1584.63 1592.32 1599.80 1607.41 1614.82 1622.11 1629.63 1636.16 1642.68 1649.26 1656.73 1662.74 1667.16 1669.78 1672.71 1674.87 1677.10 1678.84 1680.29
1280.72 1282.48 1285.40 1288.05 1290.91 1294.08 1297.68 1301.22 1305.17 1309.11 1313.81 1318.51 1323.43 1328.64 1333.65 1338.96 1344.32 1350.18 1355.89 1361.91 1367.73 1374.05 1381.28 1387.84 1393.64 1399.43 1405.30 1410.97 1416.68 1422.33 1428.01 1433.30 1439.20 1444.80 1450.13 1455.47 1461.39 1467.15 1473.21 1479.45 1485.88 1492.73 1499.79 1507.14 1514.60 1522.38 1530.05 1538.69 1551.33 1559.82 1567.33 1575.38 1582.83 1590.56 1598.08 1605.68 1613.22 1620.54 1628.11 1634.78 1641.44 1648.26 1655.76 1662.01 1666.39 1669.20 1672.01 1674.34 1676.60 1678.46 1679.93
1274.40 1276.47 1279.41 1282.72 1286.60 1289.98 1293.75 1297.68 1301.46 1305.67 1310.21 1314.78 1319.82 1325.12 1330.29 1335.45 1340.87 1346.70 1352.55 1358.45 1364.45 1370.74 1378.15 1384.96 1390.77 1396.58 1402.52 1408.13 1413.98 1419.42 1425.43 1430.83 1436.82 1442.34 1447.64 1453.15 1459.10 1464.95 1471.05 1477.44 1483.84 1490.93 1497.75 1505.34 1512.56 1520.62 1528.30 1536.83 1549.83 1557.88 1565.73 1573.39 1581.30 1588.80 1596.57 1603.91 1611.76 1618.95 1626.80 1633.42 1640.18 1647.44 1654.61 1661.59 1665.55 1668.84 1671.32 1674.15 1676.11 1678.38 1679.63
1266.71 1269.54 1273.67 1277.57 1281.74 1285.94 1290.07 1294.20 1298.25 1302.37 1306.99 1311.92 1316.75 1322.03 1327.21 1332.35 1337.66 1343.54 1349.21 1355.20 1361.15 1367.43 1375.17 1382.01 1387.95 1393.84 1399.90 1405.40 1411.31 1416.81 1422.80 1428.27 1434.11 1439.91 1445.20 1451.02 1456.72 1462.89 1468.87 1475.45 1481.84 1489.12 1495.85 1503.38 1510.84 1518.76 1526.62 1535.01 1548.26 1556.08 1564.09 1571.63 1579.79 1587.10 1594.89 1602.42 1610.11 1617.77 1625.17 1632.37 1638.94 1646.67 1653.69 1661.05 1665.01 1668.38 1671.12 1673.80 1676.20 1678.06 1679.88
1259.07 1262.61 1267.16 1272.20 1277.27 1282.17 1286.67 1290.90 1294.95 1299.44 1303.74 1308.87 1313.86 1319.31 1324.33 1329.49 1334.97 1340.52 1346.32 1352.21 1358.32 1364.22 1372.30 1378.97 1385.16 1391.00 1397.04 1402.86 1408.46 1414.31 1420.02 1425.81 1431.40 1437.50 1442.74 1448.82 1454.39 1460.79 1466.89 1473.22 1480.02 1487.01 1494.46 1501.44 1509.45 1516.87 1524.99 1533.22 1546.41 1554.66 1562.26 1570.29 1577.82 1585.83 1593.16 1601.07 1608.55 1616.42 1623.94 1631.29 1638.31 1645.62 1653.29 1660.15 1664.82 1667.87 1671.05 1673.77 1676.13 1678.35 1679.84
1251.99 1256.32 1261.42 1267.40 1273.02 1278.39 1283.59 1288.21 1292.17 1296.69 1301.43 1306.19 1311.15 1316.46 1321.77 1326.83 1332.47 1337.59 1343.55 1349.25 1355.47 1361.49 1369.35 1376.34 1382.35 1388.48 1394.20 1400.32 1405.86 1411.77 1417.40 1423.22 1428.98 1434.85 1440.46 1446.14 1452.43 1458.39 1464.86 1471.27 1478.16 1485.30 1492.56 1500.06 1507.56 1515.32 1523.04 1531.58 1544.62 1552.97 1560.85 1568.50 1576.47 1584.13 1591.98 1599.42 1607.37 1615.09 1622.76 1630.41 1637.33 1645.29 1652.57 1660.01 1664.39 1667.80 1671.07 1673.67 1676.53 1678.38 1680.36
1245.45 1250.52 1256.48 1262.81 1269.38 1275.59 1280.90 1285.60 1290.18 1294.60 1299.37 1303.87 1308.85 1314.15 1319.39 1324.64 1329.61 1335.38 1340.68 1346.68 1352.57 1358.88 1366.53 1373.64 1379.74 1385.62 1391.68 1397.53 1403.47 1409.10 1415.02 1420.71 1426.64 1432.45 1437.89 1444.08 1449.89 1456.43 1462.65 1469.49 1476.25 1483.52 1490.84 1498.17 1505.98 1513.47 1521.60 1529.79 1543.13 1551.30 1559.27 1567.18 1574.93 1582.99 1590.27 1598.23 1606.04 1613.86 1621.82 1629.33 1636.87 1644.53 1652.29 1659.73 1664.24 1667.78 1670.97 1674.06 1676.59 1678.76 1680.79
1241.86 1246.48 1253.07 1259.96 1266.90 1273.11 1278.85 1283.88 1288.27 1292.99 1297.53 1302.33 1306.92 1312.11 1317.27 1322.30 1327.73 1332.80 1338.56 1343.90 1350.21 1356.16 1364.05 1371.01 1377.13 1383.17 1388.99 1395.21 1400.87 1406.88 1412.43 1418.34 1424.08 1429.95 1435.68 1441.70 1447.91 1454.06 1460.80 1467.36 1474.52 1481.64 1489.01 1496.56 1504.14 1512.02 1519.84 1528.33 1541.49 1549.72 1557.70 1565.41 1573.61 1581.36 1589.08 1596.93 1604.89 1612.97 1620.78 1628.78 1636.25 1644.21 1652.07 1659.50 1664.27 1667.86 1671.20 1674.24 1677.05 1679.18 1681.54
1239.53 1244.73 1250.99 1258.35 1264.87 1272.05 1277.15 1282.53 1286.87 1291.57 1296.34 1300.82 1305.49 1310.23 1315.54 1320.24 1325.79 1330.93 1336.32 1341.84 1347.81 1353.91 1361.45 1368.60 1374.45 1380.55 1386.53 1392.71 1398.56 1404.49 1410.15 1415.75 1421.63 1427.62 1433.34 1439.60 1445.61 1452.05 1458.66 1465.48 1472.58 1479.71 1487.30 1494.60 1502.46 1510.23 1518.20 1526.71 1539.70 1548.32 1555.98 1564.12 1572.18 1580.15 1587.87 1595.88 1603.83 1612.02 1620.18 1628.18 1635.98 1643.84 1652.01 1659.50 1664.39 1667.87 1671.34 1674.60 1677.57 1679.88 1682.13
1240.58 1245.31 1251.49 1257.97 1264.84 1271.23 1276.65 1281.64 1285.83 1290.53 1295.12 1299.90 1304.04 1308.91 1313.93 1318.77 1324.02 1329.02 1334.59 1339.79 1345.84 1351.60 1359.42 1366.22 1372.17 1378.21 1384.05 1390.24 1396.08 1402.16 1407.64 1413.44 1419.32 1425.41 1431.28 1437.30 1443.73 1449.92 1456.77 1463.38 1470.60 1477.78 1485.37 1492.86 1500.64 1508.58 1516.54 1524.94 1538.19 1546.71 1554.53 1562.63 1570.72 1578.84 1586.75 1594.89 1603.10 1611.32 1619.54 1627.58 1635.61 1643.70 1651.91 1659.59 1664.60 1668.20 1671.68 1674.99 1678.05 1680.81 1682.88
1243.34 1247.76 1253.44 1259.21 1265.29 1271.34 1276.59 1281.15 1285.45 1289.76 1294.55 1298.71 1303.28 1307.97 1312.65 1317.35 1322.19 1327.52 1332.64 1338.13 1343.77 1349.57 1357.20 1363.93 1370.04 1375.87 1381.92 1387.72 1393.83 1399.60 1405.36 1411.17 1417.14 1423.29 1429.13 1435.32 1441.51 1447.98 1454.71 1461.52 1468.50 1475.77 1483.44 1490.92 1498.86 1506.86 1514.72 1523.31 1536.72 1545.15 1553.06 1561.18 1569.20 1577.50 1585.69 1593.95 1602.40 1610.76 1618.98 1627.21 1635.40 1643.69 1651.73 1659.74 1664.70 1668.57 1672.17 1675.47 1678.65 1681.59 1684.18
1248.40 1252.20 1256.42 1261.54 1267.09 1271.96 1276.79 1281.39 1285.32 1289.31 1293.90 1298.26 1302.55 1307.22 1311.61 1316.17 1320.85 1325.98 1331.22 1336.41 1342.12 1347.78 1355.00 1362.09 1367.87 1373.88 1379.67 1385.49 1391.62 1397.26 1403.15 1408.95 1414.93 1421.11 1427.20 1433.37 1439.55 1446.03 1452.76 1459.59 1466.41 1473.84 1481.45 1489.07 1496.98 1504.98 1513.05 1521.50 1535.16 1543.49 1551.83 1559.83 1568.03 1576.47 1584.80 1593.21 1601.67 1610.36 1618.47 1626.92 1635.18 1643.65 1651.82 1659.89 1665.27 1668.99 1672.67 1676.09 1679.57 1682.73 1685.20
1254.20 1256.68 1260.65 1264.91 1269.05 1273.31 1277.69 1281.40 1285.45 1289.55 1293.63 1297.86 1302.33 1306.53 1310.70 1315.14 1319.83 1324.61 1329.75 1334.97 1340.38 1346.06 1353.36 1360.05 1365.88 1371.84 1377.66 1383.50 1389.43 1395.11 1400.98 1406.82 1412.76 1418.98 1425.15 1431.52 1437.72 1444.09 1450.70 1457.31 1464.40 1471.75 1479.36 1487.15 1495.12 1503.16 1511.17 1519.90 1533.32 1542.06 1550.23 1558.47 1566.94 1575.37 1584.02 1592.38 1601.07 1609.69 1618.32 1626.68 1635.17 1643.65 1652.07 1660.35 1665.48 1669.52 1673.44 1676.94 1680.46 1683.62 1686.40
1260.03 1261.95 1264.76 1267.95 1271.32 1275.04 1278.31 1281.98 1285.64 1289.72 1293.71 1297.93 1301.90 1305.95 1310.18 1314.41 1318.89 1323.46 1328.47 1333.52 1338.90 1344.50 1351.62 1358.18 1363.92 1369.92 1375.55 1381.47 1387.29 1393.16 1399.00 1404.70 1410.75 1416.80 1423.31 1429.38 1435.85 1442.24 1448.80 1455.48 1462.43 1469.80 1477.32 1485.12 1493.16 1501.15 1509.47 1518.11 1531.74 1540.59 1548.86 1557.31 1565.86 1574.60 1583.12 1591.90 1600.56 1609.25 1617.95 1626.49 1635.28 1643.75 1652.26 1660.68 1665.97 1670.21 1674.05 1677.85 1681.37 1684.72 1687.80
1266.40 1267.13 1268.96 1271.33 1273.91 1276.55 1279.56 1282.75 1286.19 1290.10 1293.67 1297.48 1301.46 1305.57 1309.66 1313.73 1318.04 1322.61 1327.27 1332.32 1337.38 1342.99 1349.90 1356.29 1362.22 1367.95 1373.70 1379.39 1385.46 1391.28 1397.02 1402.86 1408.73 1414.93 1421.13 1427.41 1433.76 1440.38 1446.72 1453.42 1460.65 1467.78 1475.37 1483.11 1491.11 1499.12 1507.34 1516.42 1530.03 1539.16 1547.70 1556.14 1564.85 1573.49 1582.57 1591.33 1599.96 1608.69 1617.52 1626.44 1635.21 1643.95 1652.67 1661.15 1666.55 1670.82 1674.92 1678.72 1682.41 1685.82 1689.04
1271.09 1271.54 1272.81 1274.16 1276.13 1278.38 1280.95 1283.84 1287.07 1290.61 1293.96 1297.56 1301.42 1305.34 1309.28 1313.17 1317.43 1321.67 1326.35 1330.99 1336.24 1341.40 1348.43 1354.78 1360.21 1366.05 1371.80 1377.72 1383.43 1389.24 1395.14 1400.90 1406.92 1412.91 1419.36 1425.41 1431.81 1438.31 1444.76 1451.50 1458.52 1465.91 1473.39 1481.14 1489.15 1497.26 1505.48 1514.56 1528.54 1537.58 1546.38 1555.05 1563.92 1572.86 1581.84 1590.64 1599.52 1608.32 1617.32 1626.28 1635.43 1644.24 1653.12 1661.64 1667.20 1671.68 1675.77 1679.73 1683.49 1687.22 1690.62
1276.30 1275.61 1276.13 1277.06 1278.49 1280.36 1282.64 1285.25 1288.06 1291.32 1294.39 1297.91 1301.45 1305.15 1308.94 1312.63 1316.85 1320.85 1325.24 1330.14 1334.97 1340.16 1346.85 1353.06 1358.49 1364.22 1369.88 1375.61 1381.47 1387.46 1393.17 1398.97 1404.87 1411.06 1417.34 1423.49 1429.93 1436.31 1442.77 1449.62 1456.59 1463.86 1471.37 1479.19 1487.04 1495.18 1503.68 1512.76 1526.81 1536.15 1545.11 1554.18 1563.01 1572.11 1581.03 1590.00 1599.06 1608.03 1617.14 1626.24 1635.50 1644.64 1653.54 1662.31 1668.02 1672.49 1676.74 1680.80 1684.58 1688.29 1691.98
1279.40 1278.87 1278.95 1279.26 1280.42 1282.29 1284.26 1286.41 1289.01 1291.81 1295.04 1298.26 1301.71 1305.13 1308.72 1312.41 1316.24 1320.47 1324.56 1329.23 1333.82 1338.80 1345.25 1351.28 1356.70 1362.32 1367.98 1373.72 1379.56 1385.32 1391.37 1397.18 1402.98 1409.14 1415.48 1421.59 1427.86 1434.31 1440.86 1447.69 1454.70 1461.96 1469.42 1477.16 1485.17 1493.38 1501.95 1511.06 1525.23 1534.83 1543.93 1553.04 1562.10 1571.26 1580.28 1589.38 1598.63 1607.73 1616.91 1626.19 1635.63 1644.97 1654.00 1662.80 1668.73 1673.27 1677.61 1681.89 1685.87 1689.92 1693.61
1283.26 1282.13 1281.59 1281.85 1282.71 1283.90 1285.82 1287.59 1290.10 1292.84 1295.66 1298.61 1301.78 1305.22 1308.57 1312.13 1315.73 1319.88 1323.78 1328.25 1332.95 1337.71 1343.91 1349.65 1354.88 1360.48 1365.89 1371.71 1377.48 1383.54 1389.31 1395.10 1401.10 1407.24 1413.50 1419.80 1426.03 1432.44 1439.03 1445.66 1452.77 1459.95 1467.59 1475.27 1483.35 1491.50 1500.23 1509.47 1523.78 1533.31 1542.74 1552.00 1561.17 1570.44 1579.58 1589.00 1598.24 1607.47 1616.71 1626.21 1635.98 1645.19 1654.71 1663.72 1669.43 1673.93 1678.75 1683.02 1687.24 1691.40 1695.28
1286.30 1284.93 1284.47 1284.31 1284.68 1285.93 1287.35 1289.12 1291.43 1293.94 1296.53 1299.27 1302.24 1305.34 1308.69 1312.05 1315.62 1319.28 1323.36 1327.53 1332.11 1336.77 1342.54 1348.13 1353.27 1358.67 1364.30 1369.82 1375.53 1381.74 1387.60 1393.43 1399.32 1405.28 1411.72 1418.12 1424.39 1430.78 1437.31 1444.02 1451.10 1458.37 1465.86 1473.64 1481.75 1490.19 1498.80 1508.14 1522.48 1532.31 1541.73 1551.06 1560.43 1569.86 1579.15 1588.63 1598.13 1607.49 1616.69 1626.33 1636.41 1645.85 1655.45 1664.65 1670.57 1675.18 1679.88 1684.66 1689.13 1693.21 1697.13
