content/post/2021-10-28-a-raster-map/data/rainan.txt
ncols 886
nrows 691
xllcenter 112.0000
yllcenter -44.5000
cellsize 0.0500
nodata_value 99999.90
[rows 224 to 255 of 691, columns 142 to 212 of 886]
396.02 392.86 396.69 396.69 391.58 395.82 399.79 400.72 404.93 408.24 411.74 410.89 406.84 408.76 407.03 408.25 408.87 412.16 410.21 409.90 410.81 411.92 413.27 413.40 413.80 416.16 413.71 406.71 402.12 402.89 403.89 403.94 409.79 406.71 401.11 394.78 393.45 394.06 391.52 391.94 395.83 401.59 402.72 400.57 399.20 397.81 396.97 396.53 396.77 396.01 396.22 395.93 396.51 395.05 395.10 395.62 395.06 395.68 395.90 396.85 397.50 398.20 399.17 400.22 400.40 400.83 402.11 402.00 402.90 401.62 401.25
397.88 393.16 392.35 390.83 394.26 401.56 402.61 407.00 409.51 409.84 406.01 404.58 404.81 411.45 411.21 409.63 408.08 408.90 409.68 408.21 409.06 410.82 412.18 412.17 411.90 413.42 408.11 400.91 399.51 406.69 403.96 402.67 408.18 406.23 398.95 393.30 392.83 393.25 390.69 388.86 394.86 398.36 402.72 399.40 397.71 396.35 395.05 394.03 393.09 392.93 392.93 393.34 394.56 392.91 392.27 392.10 391.98 392.11 392.63 392.95 393.23 394.04 395.16 397.38 399.15 399.88 400.49 400.78 400.17 399.85 399.66
397.36 395.99 398.99 392.27 394.01 396.74 398.25 402.07 408.18 409.63 405.41 404.53 403.01 406.52 409.56 411.57 407.72 406.83 408.30 407.41 407.31 408.31 409.78 410.15 409.43 407.70 402.56 396.95 400.09 405.52 405.75 403.08 403.31 402.92 395.02 393.28 390.56 390.72 389.94 386.55 389.00 393.63 398.98 399.51 398.27 394.46 392.72 391.65 390.58 389.80 389.89 390.16 390.52 389.54 389.07 388.83 389.10 388.93 389.25 389.78 389.98 390.82 392.91 397.04 398.73 398.25 397.68 398.24 397.22 396.17 396.78
401.74 404.72 400.72 398.94 396.18 391.86 394.79 397.89 406.03 409.50 405.62 406.64 403.34 406.44 404.95 405.34 408.13 407.51 407.44 406.31 405.66 406.03 407.44 408.38 402.02 399.17 399.32 398.75 401.43 406.42 405.53 400.88 397.99 397.28 391.59 393.24 389.81 388.60 388.65 384.37 385.32 390.51 395.54 401.44 395.04 392.47 390.79 389.43 388.36 387.26 386.91 386.96 386.97 386.33 386.32 386.23 386.40 387.10 386.85 387.20 387.35 387.70 389.58 391.94 394.15 395.73 396.32 394.98 392.58 393.31 394.68
404.09 404.27 399.05 400.53 394.57 393.06 393.58 396.76 402.58 405.33 406.31 410.66 401.74 401.58 401.97 402.01 403.19 404.77 407.62 405.95 404.14 404.43 404.99 403.25 398.03 398.48 400.81 398.64 404.41 405.73 402.68 397.69 395.50 392.76 392.30 394.29 390.45 385.96 383.62 382.98 383.12 385.35 389.52 396.79 396.14 391.02 389.15 387.16 385.95 385.50 384.33 383.45 383.85 384.23 383.62 384.27 384.29 384.25 384.25 384.63 385.17 385.25 386.08 388.44 391.50 394.01 394.09 391.96 389.22 390.68 391.47
404.55 407.02 403.99 398.56 395.70 392.56 394.46 398.12 400.85 402.56 407.22 411.65 404.41 399.64 399.07 400.79 401.24 403.12 403.44 405.27 406.80 406.40 406.87 399.09 397.10 395.70 394.98 396.90 396.24 396.91 397.50 395.49 395.53 392.27 391.52 392.99 389.35 383.76 381.05 381.88 381.54 382.31 387.33 391.23 396.08 389.83 387.94 385.44 383.55 383.75 383.13 382.29 381.55 381.38 381.26 381.71 382.41 382.21 382.46 382.89 383.21 383.74 383.76 385.74 387.13 388.52 390.45 388.13 387.52 389.54 389.27
404.20 406.00 404.30 399.13 399.63 393.45 395.41 397.82 403.14 403.22 405.95 409.87 401.76 398.37 397.54 397.79 399.65 401.08 402.46 407.05 408.02 407.22 404.66 400.82 400.55 400.14 396.58 396.45 390.78 392.43 393.26 394.74 390.60 388.45 391.14 391.40 387.01 381.13 379.54 380.40 381.16 380.27 383.39 387.01 392.01 388.78 386.58 382.96 381.63 381.45 381.01 379.51 379.05 378.61 378.76 379.10 379.45 380.96 381.77 382.29 381.61 380.85 380.22 381.01 382.07 384.15 384.82 383.42 385.11 387.41 385.59
407.65 410.30 405.57 400.81 401.19 393.93 397.02 399.04 402.97 404.82 406.92 403.88 398.36 397.88 396.61 395.92 395.65 396.53 399.93 405.64 406.01 406.23 401.36 402.59 401.19 400.60 396.26 392.97 391.08 393.23 393.27 393.40 390.53 388.50 387.78 385.86 382.71 381.82 379.74 377.28 377.54 376.08 379.12 384.21 385.64 387.31 384.15 381.16 379.45 378.49 377.68 376.90 376.60 376.43 376.57 376.50 377.22 380.51 381.37 381.38 381.29 379.37 378.56 379.46 378.51 379.15 379.32 379.87 380.94 380.70 379.69
403.79 405.12 401.20 397.46 394.53 394.47 398.28 399.44 400.19 403.95 405.90 405.77 399.05 394.01 395.61 394.72 394.56 393.49 399.36 400.27 404.68 399.33 396.65 398.60 395.23 396.41 395.13 391.72 394.03 395.58 397.08 396.33 392.60 391.79 389.66 386.29 381.23 382.56 382.77 378.63 377.23 373.54 375.34 377.93 381.35 384.09 382.38 380.28 377.06 376.38 375.36 374.47 374.30 374.17 374.66 374.23 375.10 378.43 381.97 380.71 379.33 379.01 380.07 379.18 377.51 376.00 375.73 376.28 375.44 374.77 374.21
402.63 403.85 400.68 396.11 394.68 394.42 397.62 402.90 401.14 403.20 401.58 399.11 399.30 391.49 392.04 392.70 393.26 395.74 394.64 399.30 396.98 393.38 391.60 390.93 391.94 387.68 386.23 385.77 392.03 397.75 396.70 394.25 394.70 390.87 388.93 382.76 381.70 383.07 384.58 379.78 375.86 371.84 372.20 374.36 378.35 381.82 380.40 378.33 375.63 374.66 374.03 373.05 372.33 372.70 373.37 373.19 373.01 374.91 378.00 380.54 378.45 378.39 379.96 377.71 375.76 374.29 373.28 372.06 371.62 370.80 370.87
403.40 403.60 404.32 398.38 394.94 393.33 394.98 396.03 398.04 401.99 400.04 396.16 393.99 389.46 388.70 390.76 392.18 394.01 393.17 396.25 390.08 386.66 384.85 384.31 384.15 383.68 382.58 384.69 383.95 388.05 390.08 391.79 392.92 389.70 386.53 382.41 384.66 383.56 380.64 375.36 372.06 370.85 372.00 372.38 377.34 381.07 378.36 377.03 374.40 374.05 371.93 371.63 370.26 370.62 370.77 371.57 371.29 371.99 373.10 375.71 378.44 379.05 377.78 375.54 373.90 372.39 371.42 369.91 367.99 367.76 367.96
401.15 400.39 398.62 395.86 394.58 394.50 393.87 393.16 394.92 398.50 399.62 396.77 391.89 387.06 386.51 388.13 388.82 395.19 393.03 392.18 386.10 380.34 381.69 383.74 380.14 384.01 383.59 382.57 381.67 382.64 381.89 384.34 389.21 388.11 386.69 383.27 382.56 380.10 374.53 370.21 369.63 370.87 371.01 370.45 373.42 378.67 377.44 373.81 373.16 374.52 369.49 369.32 368.76 368.60 368.76 369.33 370.50 369.65 370.66 372.78 375.60 377.69 375.36 373.94 373.63 371.19 368.71 366.53 365.41 364.96 364.92
397.81 399.89 399.99 396.72 395.73 394.68 392.38 391.07 393.70 396.10 396.51 394.39 392.94 386.66 385.94 385.51 387.48 389.12 388.15 383.43 380.08 377.69 378.27 379.73 376.36 378.36 382.77 381.89 382.29 383.74 380.20 381.62 385.06 384.89 382.23 381.79 379.28 374.35 371.75 368.53 368.49 370.91 370.49 371.07 371.98 373.96 375.25 372.92 371.80 374.27 372.42 367.94 367.28 367.54 367.53 367.61 369.13 369.33 368.76 370.82 373.83 375.79 375.79 371.95 368.88 367.36 366.37 363.87 362.67 362.43 362.28
397.86 402.48 401.40 399.04 394.38 393.52 389.32 389.16 391.17 391.85 394.16 392.40 392.53 387.54 384.05 384.39 385.82 387.41 382.40 379.82 377.92 373.44 375.01 373.85 374.77 374.01 377.94 379.33 380.81 380.78 379.81 380.16 380.93 378.83 377.60 375.03 372.37 370.18 367.87 368.39 368.02 367.84 371.17 370.42 371.81 372.53 373.27 371.64 371.88 375.17 373.23 367.61 366.17 365.85 365.71 365.43 366.34 367.65 367.17 368.12 373.12 373.49 373.74 370.14 367.35 365.80 363.57 361.50 360.03 359.92 359.58
398.29 400.21 398.51 396.04 393.45 390.07 388.30 388.10 388.08 389.33 391.42 390.74 391.69 384.64 384.31 385.87 384.99 384.02 383.62 379.80 371.01 371.01 372.54 373.55 375.03 375.59 374.89 379.44 382.08 380.35 380.85 381.09 378.98 375.27 373.35 371.52 369.84 366.53 366.56 367.23 365.26 364.61 367.05 367.64 368.95 371.24 373.64 371.62 371.84 370.63 368.93 365.61 364.79 364.70 364.10 363.56 363.29 364.09 364.73 365.62 368.28 373.00 371.70 369.00 365.60 362.73 361.11 359.56 357.86 357.49 357.20
400.10 398.54 397.14 398.62 393.90 387.45 386.16 385.90 386.77 386.81 387.11 388.53 388.35 382.12 381.28 383.52 381.58 379.00 375.22 372.92 371.26 371.86 371.23 374.23 376.56 377.85 377.83 381.03 381.71 380.03 378.46 376.21 376.19 373.91 371.57 368.95 364.53 365.99 367.59 366.13 362.19 361.44 362.38 364.14 365.14 367.42 371.68 371.77 369.58 367.14 365.84 363.88 362.70 362.87 362.59 361.91 362.07 362.00 362.76 363.85 366.29 368.59 367.38 366.23 363.35 360.92 358.58 357.39 356.08 355.56 355.04
405.57 400.59 396.91 394.07 389.74 385.51 385.24 383.62 381.72 381.52 381.90 383.62 385.06 379.50 377.00 379.79 378.62 374.12 372.77 373.28 371.20 373.59 374.67 375.95 379.99 380.51 381.17 382.89 379.64 375.58 373.11 371.85 371.35 371.38 368.27 365.08 363.47 366.83 366.44 365.67 361.30 360.25 360.76 362.21 365.60 366.50 368.96 368.34 366.79 365.06 366.04 361.86 361.11 364.82 361.50 360.36 360.64 360.79 361.28 362.39 364.70 365.70 365.54 362.91 359.92 357.92 356.32 355.11 354.10 353.64 353.34
405.15 399.32 392.61 388.72 385.91 385.22 385.02 383.32 380.74 378.36 379.03 379.24 379.47 381.33 378.61 376.12 374.82 373.63 371.48 373.81 374.04 375.30 378.47 378.81 382.48 382.68 380.55 380.24 375.79 373.63 371.45 368.99 366.07 368.82 367.52 362.03 364.12 366.63 365.26 361.95 360.09 358.36 359.02 361.02 363.37 367.87 368.83 366.89 365.27 362.67 361.88 359.90 359.58 364.89 361.85 359.42 360.15 360.12 360.37 361.07 362.10 362.63 362.23 358.55 356.57 355.73 354.49 353.45 352.21 352.19 351.34
405.23 399.38 393.39 388.04 387.23 388.71 390.76 383.26 379.59 377.21 375.17 374.73 375.32 377.47 375.96 374.33 373.40 371.30 370.03 377.00 375.23 377.53 381.70 381.86 381.42 379.20 375.50 375.02 373.21 371.60 369.09 366.02 363.90 362.29 361.90 360.67 364.44 361.90 362.00 359.19 357.08 355.28 357.35 358.66 360.68 362.90 365.95 365.89 362.29 361.30 358.66 357.84 357.22 360.05 359.20 360.15 361.60 359.53 358.99 359.53 358.72 358.04 356.95 355.49 354.23 353.18 352.44 351.46 350.43 349.85 349.69
404.65 400.09 394.49 389.78 391.84 389.32 391.63 385.55 379.80 377.34 375.73 372.59 373.05 375.29 374.02 373.64 370.34 366.55 370.34 375.47 377.94 381.13 380.37 379.44 378.27 377.39 375.76 371.41 367.93 365.84 363.18 362.73 359.64 359.98 358.66 366.16 361.07 360.12 359.88 356.98 353.82 353.55 355.07 355.71 358.46 359.58 363.51 362.99 359.56 358.02 357.40 355.89 355.12 356.35 357.76 361.05 363.63 360.44 358.43 356.96 356.00 355.69 353.79 352.90 352.10 351.08 349.86 349.06 348.43 348.31 347.13
399.61 397.99 397.66 393.20 394.01 394.07 393.14 388.35 380.76 378.65 378.29 375.13 370.75 370.97 370.46 371.13 367.24 366.28 368.58 373.45 377.95 381.10 380.46 379.39 376.72 373.45 372.08 369.45 365.64 362.27 359.73 359.44 356.08 357.28 357.71 364.19 358.75 357.78 355.48 353.47 352.25 351.30 352.18 355.08 355.75 359.76 362.02 362.53 357.91 355.77 356.76 356.70 353.67 355.41 355.82 358.49 362.10 360.08 358.36 355.57 353.40 355.60 355.68 354.53 352.21 348.65 347.76 346.62 346.41 345.41 345.71
393.90 392.13 391.17 388.75 388.49 389.44 388.59 385.89 382.56 380.39 379.67 372.62 369.59 370.24 370.39 368.67 367.79 367.54 370.51 374.63 377.72 379.29 379.72 377.32 374.32 370.39 366.79 364.57 361.66 359.07 356.52 354.73 354.08 355.01 358.91 358.65 355.01 352.60 352.19 350.94 350.51 349.48 350.39 353.21 356.11 356.69 359.40 358.05 357.01 354.47 353.49 352.83 351.29 353.69 354.84 357.17 361.77 361.09 359.12 354.26 351.84 354.13 355.26 355.40 350.62 346.92 345.07 343.99 343.66 343.89 343.44
390.44 387.69 386.07 384.08 382.80 382.24 381.48 379.80 376.67 374.57 375.53 371.27 369.27 367.32 366.39 365.59 365.58 365.53 370.08 372.11 373.81 376.34 376.60 373.60 370.48 367.42 364.90 362.48 358.76 356.76 354.84 353.29 351.79 353.15 355.32 354.73 351.59 352.37 350.87 348.17 349.25 346.67 348.58 352.14 354.71 354.34 358.56 356.77 355.70 354.02 351.82 350.15 349.12 351.17 353.83 355.61 359.32 363.90 357.28 352.26 351.17 352.79 357.64 352.87 348.93 345.44 344.74 342.19 342.27 343.17 341.08
387.84 384.24 382.13 379.64 377.85 376.09 374.21 372.20 370.53 368.86 367.16 364.26 362.78 361.40 363.71 361.96 361.46 364.13 367.27 370.84 370.20 370.00 369.80 368.19 366.71 364.77 363.36 359.76 356.06 354.61 352.69 351.86 351.83 350.23 352.09 350.95 349.79 349.12 347.35 346.67 346.63 344.51 346.51 349.94 350.82 352.62 357.80 355.67 355.59 353.78 350.04 348.80 347.33 348.20 350.74 354.00 359.63 357.86 350.53 351.20 349.68 350.15 356.67 351.83 350.10 346.59 342.94 342.58 341.24 340.88 339.48
384.47 381.86 379.36 376.66 374.09 371.63 369.33 367.21 364.94 362.88 360.63 358.48 356.75 355.76 355.68 354.64 356.38 360.46 362.61 365.53 363.60 363.00 362.48 362.95 363.40 361.94 359.99 355.94 353.29 352.38 350.56 349.91 349.50 349.44 349.87 348.43 346.41 344.13 343.33 345.79 344.00 343.63 343.05 346.18 348.50 351.79 356.19 357.13 355.56 351.38 348.75 347.70 346.08 345.68 347.87 351.73 354.99 354.31 351.85 349.38 348.77 349.40 353.39 351.69 346.86 344.77 341.62 340.37 339.93 338.95 338.39
382.84 379.63 376.97 374.17 371.67 369.19 366.74 363.88 361.24 358.75 356.42 354.25 352.41 350.73 349.75 349.34 350.10 352.56 355.94 359.73 355.71 354.69 355.68 357.71 357.99 357.20 354.57 351.60 350.78 348.87 348.79 347.52 346.69 347.28 345.71 343.08 343.62 341.68 341.98 344.52 342.92 342.22 340.73 342.39 344.73 346.46 349.36 354.16 354.86 350.74 349.14 347.98 345.74 344.34 345.08 347.85 351.07 353.84 350.27 349.69 352.27 349.35 351.72 347.72 347.73 344.20 341.53 338.04 338.00 336.86 336.17
382.14 377.59 374.82 372.17 369.58 367.24 364.36 361.51 358.47 355.95 353.45 351.04 348.88 346.94 345.68 344.79 344.23 344.87 348.32 350.59 348.93 346.63 348.63 350.06 349.41 349.27 349.26 349.16 347.85 346.17 348.25 346.45 345.37 342.57 341.82 340.96 340.35 339.79 341.32 342.25 339.72 339.41 338.47 340.12 341.18 342.54 345.20 349.82 352.78 352.06 350.53 348.00 345.75 344.34 342.73 345.08 348.27 351.18 346.91 345.04 345.79 345.11 349.86 349.19 342.00 341.36 340.73 336.61 335.83 335.56 334.40
388.80 379.21 373.39 370.12 368.06 365.69 362.86 359.95 356.85 354.04 351.11 348.60 346.05 343.63 341.47 339.66 338.51 338.10 339.28 340.61 340.16 341.21 341.37 342.43 341.19 342.27 343.16 344.35 344.36 345.51 345.15 345.17 343.08 342.40 343.29 340.15 340.04 340.35 341.11 339.36 338.46 337.70 336.50 338.25 339.52 340.72 342.77 345.48 347.37 348.65 349.34 349.14 346.01 343.72 340.78 342.20 346.43 350.16 347.09 343.53 341.78 339.19 339.18 340.93 338.68 336.38 334.82 336.99 335.57 334.35 333.19
401.47 392.26 379.08 370.24 366.45 364.30 361.56 358.54 355.22 351.98 348.92 345.92 342.92 340.46 338.04 335.71 334.12 332.53 332.10 331.90 332.88 336.12 335.77 336.42 334.51 335.69 338.17 338.03 338.71 340.52 342.09 341.37 340.42 340.51 338.17 337.25 339.38 339.25 337.67 337.05 336.22 334.87 335.38 335.39 336.84 338.22 339.27 340.92 342.39 344.85 349.38 348.29 345.59 342.33 339.83 339.07 342.16 344.08 342.84 342.30 340.20 336.61 339.09 338.07 334.83 334.12 333.28 335.51 334.55 333.40 331.89
397.89 395.94 392.87 379.88 367.22 363.42 360.34 356.93 353.63 349.90 346.47 342.97 339.89 336.99 333.89 331.41 329.23 327.36 325.89 325.25 325.40 325.67 327.59 327.44 327.81 328.46 329.74 331.22 333.88 335.97 338.13 340.29 339.43 338.07 335.34 336.27 337.82 335.72 335.37 333.72 333.08 333.81 334.01 333.97 335.38 337.70 338.59 339.31 340.75 343.13 347.55 345.73 342.14 341.54 339.05 337.88 337.22 337.22 337.27 337.36 338.61 338.45 341.42 339.64 336.09 331.39 332.16 333.40 334.79 333.14 331.78
389.69 390.61 386.86 386.58 371.74 363.09 359.48 355.58 351.63 347.92 343.99 340.38 337.26 333.79 330.52 327.69 325.08 322.54 320.41 318.93 318.39 318.32 318.66 319.30 320.60 322.08 323.57 325.43 327.61 331.31 333.72 337.38 337.17 334.73 334.78 336.47 335.90 335.68 334.31 332.40 332.23 332.51 331.51 332.48 334.20 337.65 337.92 337.41 340.95 342.30 343.70 342.73 338.83 338.30 339.49 336.59 334.62 333.65 333.18 333.04 333.73 334.90 336.02 335.50 334.51 332.46 330.92 331.81 332.58 333.25 332.75
385.58 384.93 377.90 375.86 370.69 365.66 363.25 355.15 350.27 346.26 342.28 338.75 334.82 330.49 327.16 323.81 320.72 317.76 315.23 313.40 312.22 311.66 311.98 312.79 314.27 316.27 318.17 320.38 323.14 327.20 329.31 332.52 332.06 331.13 332.08 336.15 334.96 335.77 332.74 331.75 330.91 329.91 329.82 331.32 332.17 335.18 336.28 337.01 336.57 336.40 336.63 336.38 334.70 333.96 334.34 335.67 334.02 332.62 329.98 328.92 328.92 330.05 331.47 332.90 334.72 332.74 331.30 330.86 332.49 330.79 328.36
